mpMappingMatrixSlave = [
    0.08145062500000008, 0.008686562499999977, 0.0001128124999999994, 0.04751286458333336, 0.00506716145833332, 6.580729166666627e-05, 0.006787552083333337, 0.0007238802083333314, 9.401041666666608e-06, 0, 0, 0;
    0.008686562499999977, 0.0009264062499999947, 1.203124999999989e-05, 0.005067161458333319, 0.0005404036458333301, 7.018229166666602e-06, 0.0007238802083333314, 7.720052083333286e-05, 1.002604166666657e-06, 0, 0, 0;
    0.0001128124999999994, 1.203124999999989e-05, 1.562499999999981e-07, 6.580729166666626e-05, 7.018229166666602e-06, 9.114583333333219e-08, 9.401041666666608e-06, 1.002604166666657e-06, 1.302083333333317e-08, 0, 0, 0;
    0.04751286458333336, 0.005067161458333319, 6.580729166666626e-05, 0.1357510416666668, 0.01447760416666663, 0.0001880208333333322, 0.08145062500000007, 0.008686562499999977, 0.0001128124999999993, 0.006787552083333338, 0.0007238802083333312, 9.401041666666604e-06;
    0.00506716145833332, 0.0005404036458333301, 7.018229166666602e-06, 0.01447760416666663, 0.001544010416666657, 2.005208333333315e-05, 0.008686562499999977, 0.0009264062499999943, 1.203124999999988e-05, 0.0007238802083333312, 7.720052083333281e-05, 1.002604166666656e-06;
    6.580729166666627e-05, 7.018229166666602e-06, 9.114583333333219e-08, 0.0001880208333333322, 2.005208333333315e-05, 2.604166666666633e-07, 0.0001128124999999993, 1.203124999999988e-05, 1.56249999999998e-07, 9.401041666666604e-06, 1.002604166666656e-06, 1.302083333333315e-08;
    0.006787552083333337, 0.0007238802083333314, 9.401041666666608e-06, 0.08145062500000007, 0.008686562499999977, 0.0001128124999999993, 0.1357510416666667, 0.01447760416666662, 0.0001880208333333321, 0.04751286458333337, 0.005067161458333317, 6.580729166666623e-05;
    0.0007238802083333314, 7.720052083333286e-05, 1.002604166666657e-06, 0.008686562499999977, 0.0009264062499999943, 1.203124999999988e-05, 0.01447760416666662, 0.001544010416666656, 2.005208333333313e-05, 0.005067161458333317, 0.0005404036458333297, 7.018229166666594e-06;
    9.401041666666608e-06, 1.002604166666657e-06, 1.302083333333317e-08, 0.0001128124999999993, 1.203124999999988e-05, 1.56249999999998e-07, 0.0001880208333333321, 2.005208333333313e-05, 2.604166666666632e-07, 6.580729166666623e-05, 7.018229166666594e-06, 9.114583333333206e-08;
    0, 0, 0, 0.006787552083333338, 0.0007238802083333312, 9.401041666666604e-06, 0.04751286458333337, 0.005067161458333317, 6.580729166666623e-05, 0.08145062500000008, 0.008686562499999977, 0.0001128124999999993;
    0, 0, 0, 0.0007238802083333312, 7.720052083333281e-05, 1.002604166666656e-06, 0.005067161458333317, 0.0005404036458333297, 7.018229166666594e-06, 0.008686562499999977, 0.000926406249999994, 1.203124999999988e-05;
    0, 0, 0, 9.401041666666604e-06, 1.002604166666656e-06, 1.302083333333315e-08, 6.580729166666623e-05, 7.018229166666594e-06, 9.114583333333206e-08, 0.0001128124999999993, 1.203124999999988e-05, 1.562499999999979e-07
];

cond(mpMappingMatrixSlave)

rank(mpMappingMatrixSlave)
