mpMappingMatrixSlave = [
  0.09605960100000008, 0.001945498499999959, 4.900499999999792e-06, 0.05603476725000003, 0.001134874124999976, 2.858624999999879e-06, 0.008004966750000004, 0.0001621248749999966, 4.083749999999827e-07, 0, 0, 0;
  0.001945498499999959, 3.940224999999832e-05, 9.924999999999368e-08, 0.001134874124999976, 2.298464583333235e-05, 5.789583333332961e-08, 0.0001621248749999966, 3.283520833333194e-06, 8.270833333332803e-09, 0, 0, 0;
  4.900499999999792e-06, 9.924999999999368e-08, 2.499999999999787e-10, 2.858624999999879e-06, 5.789583333332961e-08, 1.458333333333208e-10, 4.083749999999827e-07, 8.270833333332803e-09, 2.083333333333155e-11, 0, 0, 0;
  0.05603476725000003, 0.001134874124999976, 2.858624999999879e-06, 0.1600993350000001, 0.003242497499999932, 8.167499999999654e-06, 0.09605960100000009, 0.00194549849999996, 4.900499999999795e-06, 0.008004966750000011, 0.0001621248749999967, 4.08374999999983e-07;
  0.001134874124999976, 2.298464583333235e-05, 5.789583333332961e-08, 0.003242497499999932, 6.567041666666387e-05, 1.654166666666561e-07, 0.00194549849999996, 3.940224999999834e-05, 9.924999999999367e-08, 0.0001621248749999967, 3.283520833333196e-06, 8.270833333332809e-09;
  2.858624999999879e-06, 5.789583333332961e-08, 1.458333333333208e-10, 8.167499999999654e-06, 1.654166666666561e-07, 4.166666666666311e-10, 4.900499999999795e-06, 9.924999999999367e-08, 2.499999999999787e-10, 4.083749999999829e-07, 8.270833333332808e-09, 2.083333333333157e-11;
  0.008004966750000004, 0.0001621248749999966, 4.083749999999827e-07, 0.09605960100000009, 0.00194549849999996, 4.900499999999795e-06, 0.1600993350000002, 0.003242497499999934, 8.167499999999659e-06, 0.05603476725000007, 0.001134874124999977, 2.85862499999988e-06;
  0.0001621248749999966, 3.283520833333194e-06, 8.270833333332803e-09, 0.00194549849999996, 3.940224999999834e-05, 9.924999999999367e-08, 0.003242497499999934, 6.567041666666391e-05, 1.654166666666562e-07, 0.001134874124999977, 2.298464583333237e-05, 5.789583333332967e-08;
  4.083749999999827e-07, 8.270833333332803e-09, 2.083333333333155e-11, 4.900499999999795e-06, 9.924999999999367e-08, 2.499999999999787e-10, 8.167499999999659e-06, 1.654166666666562e-07, 4.166666666666314e-10, 2.85862499999988e-06, 5.789583333332965e-08, 1.458333333333209e-10;
  0, 0, 0, 0.008004966750000011, 0.0001621248749999967, 4.083749999999829e-07, 0.05603476725000007, 0.001134874124999977, 2.85862499999988e-06, 0.09605960100000008, 0.001945498499999959, 4.900499999999792e-06;
  0, 0, 0, 0.0001621248749999967, 3.283520833333196e-06, 8.270833333332808e-09, 0.001134874124999977, 2.298464583333237e-05, 5.789583333332965e-08, 0.001945498499999959, 3.940224999999832e-05, 9.924999999999365e-08;
  0, 0, 0, 4.08374999999983e-07, 8.270833333332809e-09, 2.083333333333157e-11, 2.85862499999988e-06, 5.789583333332967e-08, 1.458333333333209e-10, 4.900499999999792e-06, 9.924999999999365e-08, 2.499999999999787e-10
];

cond(mpMappingMatrixSlave)

rank(mpMappingMatrixSlave)
