mpMappingMatrixSlave = [
  0.05220062500000003, 0.0192365625, 0.0008128124999999995, 0.03045036458333334, 0.01122132812499999, 0.0004741406249999994, 0.004350052083333334, 0.001603046874999999, 6.773437499999992e-05, 0, 0, 0;
  0.0192365625, 0.007088906249999995, 0.0002995312499999996, 0.01122132812499999, 0.004135195312499995, 0.0001747265624999997, 0.001603046874999999, 0.0005907421874999993, 2.496093749999995e-05, 0, 0, 0;
  0.0008128124999999995, 0.0002995312499999996, 1.265624999999997e-05, 0.0004741406249999994, 0.0001747265624999997, 7.382812499999981e-06, 6.773437499999992e-05, 2.496093749999995e-05, 1.054687499999997e-06, 0, 0, 0;
  0.03045036458333334, 0.01122132812499999, 0.0004741406249999994, 0.0870010416666667, 0.03206093749999999, 0.001354687499999999, 0.05220062500000003, 0.0192365625, 0.0008128124999999994, 0.004350052083333335, 0.001603046875, 6.773437499999994e-05;
  0.01122132812499999, 0.004135195312499995, 0.0001747265624999997, 0.03206093749999999, 0.01181484374999999, 0.0004992187499999992, 0.0192365625, 0.007088906249999995, 0.0002995312499999996, 0.001603046875, 0.0005907421874999994, 2.496093749999996e-05;
  0.0004741406249999994, 0.0001747265624999997, 7.382812499999981e-06, 0.001354687499999999, 0.0004992187499999992, 2.109374999999995e-05, 0.0008128124999999994, 0.0002995312499999996, 1.265624999999998e-05, 6.773437499999994e-05, 2.496093749999996e-05, 1.054687499999997e-06;
  0.004350052083333334, 0.001603046874999999, 6.773437499999992e-05, 0.05220062500000003, 0.0192365625, 0.0008128124999999994, 0.08700104166666671, 0.03206093749999999, 0.001354687499999999, 0.03045036458333334, 0.01122132812499999, 0.0004741406249999995;
  0.001603046874999999, 0.0005907421874999993, 2.496093749999995e-05, 0.0192365625, 0.007088906249999995, 0.0002995312499999996, 0.03206093749999999, 0.01181484374999999, 0.0004992187499999992, 0.01122132812499999, 0.004135195312499995, 0.0001747265624999997;
  6.773437499999992e-05, 2.496093749999995e-05, 1.054687499999997e-06, 0.0008128124999999994, 0.0002995312499999996, 1.265624999999998e-05, 0.001354687499999999, 0.0004992187499999992, 2.109374999999996e-05, 0.0004741406249999995, 0.0001747265624999997, 7.382812499999981e-06;
  0, 0, 0, 0.004350052083333335, 0.001603046875, 6.773437499999994e-05, 0.03045036458333334, 0.01122132812499999, 0.0004741406249999995, 0.05220062500000001, 0.01923656249999999, 0.0008128124999999991;
  0, 0, 0, 0.001603046875, 0.0005907421874999994, 2.496093749999996e-05, 0.01122132812499999, 0.004135195312499995, 0.0001747265624999997, 0.01923656249999999, 0.00708890624999999, 0.0002995312499999995;
  0, 0, 0, 6.773437499999994e-05, 2.496093749999996e-05, 1.054687499999997e-06, 0.0004741406249999995, 0.0001747265624999997, 7.382812499999981e-06, 0.0008128124999999991, 0.0002995312499999995, 1.265624999999997e-05
];

cond(mpMappingMatrixSlave)

rank(mpMappingMatrixSlave)
