mpMappingMatrixSlave = [
  0.006249999999999999, 0.015625, 0.003125, 0.003645833333333332, 0.009114583333333332, 0.001822916666666666, 0.0005208333333333332, 0.001302083333333333, 0.0002604166666666666, 0, 0, 0;
  0.015625, 0.0390625, 0.0078125, 0.00911458333333333, 0.02278645833333333, 0.004557291666666665, 0.001302083333333333, 0.003255208333333333, 0.0006510416666666665, 0, 0, 0;
  0.003125, 0.0078125, 0.0015625, 0.001822916666666666, 0.004557291666666666, 0.000911458333333333, 0.0002604166666666666, 0.0006510416666666665, 0.0001302083333333333, 0, 0, 0;
  0.003645833333333332, 0.00911458333333333, 0.001822916666666666, 0.01041666666666667, 0.02604166666666667, 0.005208333333333333, 0.006250000000000001, 0.015625, 0.003125000000000001, 0.0005208333333333332, 0.001302083333333333, 0.0002604166666666666;
  0.009114583333333332, 0.02278645833333333, 0.004557291666666666, 0.02604166666666667, 0.06510416666666666, 0.01302083333333333, 0.015625, 0.03906250000000001, 0.007812500000000002, 0.001302083333333333, 0.003255208333333333, 0.0006510416666666666;
  0.001822916666666666, 0.004557291666666665, 0.000911458333333333, 0.005208333333333333, 0.01302083333333333, 0.002604166666666667, 0.003125000000000001, 0.007812500000000002, 0.0015625, 0.0002604166666666666, 0.0006510416666666667, 0.0001302083333333333;
  0.0005208333333333332, 0.001302083333333333, 0.0002604166666666666, 0.006250000000000001, 0.015625, 0.003125000000000001, 0.01041666666666667, 0.02604166666666667, 0.005208333333333334, 0.003645833333333333, 0.00911458333333333, 0.001822916666666666;
  0.001302083333333333, 0.003255208333333333, 0.0006510416666666665, 0.015625, 0.03906250000000001, 0.007812500000000002, 0.02604166666666667, 0.06510416666666667, 0.01302083333333334, 0.00911458333333333, 0.02278645833333333, 0.004557291666666665;
  0.0002604166666666666, 0.0006510416666666665, 0.0001302083333333333, 0.003125000000000001, 0.007812500000000002, 0.0015625, 0.005208333333333334, 0.01302083333333334, 0.002604166666666667, 0.001822916666666666, 0.004557291666666665, 0.0009114583333333332;
  0, 0, 0, 0.0005208333333333332, 0.001302083333333333, 0.0002604166666666666, 0.003645833333333333, 0.00911458333333333, 0.001822916666666666, 0.00625, 0.015625, 0.003125;
  0, 0, 0, 0.001302083333333333, 0.003255208333333333, 0.0006510416666666667, 0.00911458333333333, 0.02278645833333333, 0.004557291666666665, 0.015625, 0.0390625, 0.0078125;
  0, 0, 0, 0.0002604166666666666, 0.0006510416666666666, 0.0001302083333333333, 0.001822916666666666, 0.004557291666666665, 0.0009114583333333332, 0.003125, 0.0078125, 0.0015625
];

cond(mpMappingMatrixSlave)

rank(mpMappingMatrixSlave)
